Theme 0
-954680400000,43
-954594000000,11
-954507600000,5
-954421200000,22
-954334800000,29
-954248400000,20
-954162000000,28
-954075600000,4
-953989200000,46
-953902800000,22
-953816400000,19
-953730000000,11
-953643600000,11
-953557200000,18
-953470800000,11
-953384400000,25
-953298000000,22
-953211600000,30
-953125200000,7
-953038800000,23
-952952400000,21
-952866000000,17
-952779600000,14
-952693200000,24
-952606800000,46
-952520400000,13
-952434000000,20
-952347600000,11
-952261200000,21
-952174800000,32
-952088400000,26
-952002000000,31
-951915600000,42
-951829200000,67
-951742800000,14
-951656400000,0
-951570000000,25
-951483600000,22
-951397200000,31
-951310800000,14
-951224400000,9
-951138000000,19
-951051600000,10
-950965200000,30
-950878800000,22
-950792400000,37
-950706000000,5
-950619600000,18
-950533200000,20
-950446800000,8
-950360400000,24
-950274000000,30
-950187600000,13
-950101200000,20
-950014800000,51
-949928400000,24
-949842000000,34
-949755600000,87
-949669200000,141
-949582800000,86
-949496400000,23
-949410000000,24
-949323600000,17
-949237200000,4
-949150800000,29
-949064400000,24
-948978000000,17
-948891600000,27
-948805200000,37
-948718800000,19
-948632400000,8
-948546000000,16
-948459600000,39
-948373200000,37
-948286800000,25
-948200400000,15
-948114000000,13
-948027600000,5
-947941200000,15
-947854800000,17
-947768400000,20
-947682000000,26
-947595600000,20
-947509200000,14
-947422800000,1
-947336400000,10
-947163600000,15
-947077200000,16
-946990800000,11
-946904400000,12
-946818000000,11
-946731600000,3
-946645200000,23
-946558800000,9
-946472400000,10
-946386000000,2
-946299600000,9
-946213200000,7
-946126800000,7
-946040400000,7
-945954000000,11
-945867600000,15
-945781200000,23
-945694800000,6
-945608400000,1
-945522000000,33
-945435600000,28
-945349200000,25
-945262800000,6
-945176400000,28
-945090000000,17
-945003600000,15
-944917200000,18
-944830800000,22
-944744400000,40
-944658000000,17
-944571600000,10
-944485200000,16
-944398800000,10
-944312400000,18
-944226000000,10
-944139600000,44
-944053200000,15
-943966800000,10
-943880400000,13
-943794000000,6
-943707600000,16
-943621200000,18
-943534800000,57
-943448400000,8
-943362000000,14
-943275600000,14
-943189200000,8
-943102800000,39
-943016400000,14
-942930000000,20
-942843600000,20
-942757200000,24
-942670800000,12
-942584400000,13
-942498000000,39
-942411600000,44
-942325200000,30
-942238800000,23
-942152400000,25
-942066000000,26
-941979600000,15
-941893200000,17
-941806800000,43
Theme 1
-954680400000,14
-954594000000,8
-954507600000,2
-954421200000,8
-954334800000,0
-954248400000,10
-954162000000,0
-954075600000,2
-953989200000,0
-953902800000,6
-953816400000,13
-953730000000,0
-953643600000,5
-953557200000,3
-953470800000,5
-953384400000,5
-953298000000,2
-953211600000,30
-953125200000,2
-953038800000,2
-952952400000,3
-952866000000,0
-952779600000,8
-952693200000,2
-952606800000,4
-952520400000,2
-952434000000,5
-952347600000,3
-952261200000,2
-952174800000,3
-952088400000,0
-952002000000,0
-951915600000,11
-951829200000,2
-951742800000,8
-951656400000,5
-951570000000,4
-951483600000,7
-951397200000,5
-951310800000,24
-951224400000,0
-951138000000,0
-951051600000,3
-950965200000,3
-950878800000,12
-950792400000,11
-950706000000,13
-950619600000,4
-950533200000,9
-950446800000,9
-950360400000,13
-950274000000,3
-950187600000,8
-950101200000,8
-950014800000,32
-949928400000,61
-949842000000,3
-949755600000,14
-949669200000,19
-949582800000,20
-949496400000,24
-949410000000,16
-949323600000,3
-949237200000,8
-949150800000,4
-949064400000,5
-948978000000,8
-948891600000,7
-948805200000,4
-948718800000,7
-948632400000,3
-948546000000,5
-948459600000,0
-948373200000,4
-948286800000,2
-948200400000,19
-948114000000,0
-948027600000,4
-947941200000,14
-947854800000,20
-947768400000,18
-947682000000,17
-947595600000,10
-947509200000,0
-947422800000,0
-947336400000,4
-947163600000,10
-947077200000,10
-946990800000,9
-946904400000,11
-946818000000,2
-946731600000,0
-946645200000,2
-946558800000,17
-946472400000,5
-946386000000,7
-946299600000,10
-946213200000,0
-946126800000,0
-946040400000,4
-945954000000,2
-945867600000,10
-945781200000,9
-945694800000,0
-945608400000,0
-945522000000,14
-945435600000,12
-945349200000,7
-945262800000,9
-945176400000,4
-945090000000,6
-945003600000,0
-944917200000,4
-944830800000,6
-944744400000,11
-944658000000,8
-944571600000,0
-944485200000,2
-944398800000,0
-944312400000,2
-944226000000,13
-944139600000,14
-944053200000,6
-943966800000,7
-943880400000,4
-943794000000,2
-943707600000,2
-943621200000,6
-943534800000,7
-943448400000,0
-943362000000,2
-943275600000,10
-943189200000,2
-943102800000,4
-943016400000,6
-942930000000,11
-942843600000,4
-942757200000,0
-942670800000,4
-942584400000,0
-942498000000,14
-942411600000,0
-942325200000,9
-942238800000,4
-942152400000,0
-942066000000,6
-941979600000,0
-941893200000,0
-941806800000,6
Theme 2
-954680400000,28
-954594000000,45
-954507600000,45
-954421200000,52
-954334800000,46
-954248400000,45
-954162000000,46
-954075600000,28
-953989200000,82
-953902800000,43
-953816400000,106
-953730000000,59
-953643600000,27
-953557200000,55
-953470800000,35
-953384400000,47
-953298000000,56
-953211600000,61
-953125200000,129
-953038800000,47
-952952400000,41
-952866000000,49
-952779600000,92
-952693200000,73
-952606800000,32
-952520400000,51
-952434000000,69
-952347600000,44
-952261200000,48
-952174800000,49
-952088400000,19
-952002000000,79
-951915600000,70
-951829200000,62
-951742800000,69
-951656400000,35
-951570000000,66
-951483600000,67
-951397200000,73
-951310800000,76
-951224400000,30
-951138000000,92
-951051600000,28
-950965200000,69
-950878800000,60
-950792400000,58
-950706000000,72
-950619600000,44
-950533200000,63
-950446800000,47
-950360400000,75
-950274000000,56
-950187600000,24
-950101200000,49
-950014800000,68
-949928400000,65
-949842000000,31
-949755600000,136
-949669200000,136
-949582800000,108
-949496400000,102
-949410000000,82
-949323600000,78
-949237200000,32
-949150800000,80
-949064400000,78
-948978000000,88
-948891600000,32
-948805200000,79
-948718800000,39
-948632400000,23
-948546000000,41
-948459600000,30
-948373200000,86
-948286800000,69
-948200400000,44
-948114000000,35
-948027600000,34
-947941200000,70
-947854800000,47
-947768400000,35
-947682000000,43
-947595600000,45
-947509200000,45
-947422800000,22
-947336400000,45
-947163600000,24
-947077200000,35
-946990800000,36
-946904400000,27
-946818000000,22
-946731600000,22
-946645200000,16
-946558800000,53
-946472400000,53
-946386000000,29
-946299600000,39
-946213200000,43
-946126800000,45
-946040400000,43
-945954000000,40
-945867600000,35
-945781200000,33
-945694800000,24
-945608400000,17
-945522000000,66
-945435600000,58
-945349200000,36
-945262800000,46
-945176400000,43
-945090000000,35
-945003600000,26
-944917200000,78
-944830800000,33
-944744400000,33
-944658000000,47
-944571600000,39
-944485200000,44
-944398800000,25
-944312400000,32
-944226000000,14
-944139600000,47
-944053200000,37
-943966800000,34
-943880400000,39
-943794000000,24
-943707600000,68
-943621200000,38
-943534800000,36
-943448400000,21
-943362000000,41
-943275600000,32
-943189200000,2
-943102800000,64
-943016400000,33
-942930000000,23
-942843600000,31
-942757200000,21
-942670800000,44
-942584400000,38
-942498000000,73
-942411600000,43
-942325200000,55
-942238800000,45
-942152400000,32
-942066000000,42
-941979600000,20
-941893200000,109
-941806800000,45
Theme 3
-954680400000,2
-954594000000,18
-954507600000,28
-954421200000,34
-954334800000,19
-954248400000,16
-954162000000,8
-954075600000,0
-953989200000,27
-953902800000,12
-953816400000,19
-953730000000,2
-953643600000,4
-953557200000,19
-953470800000,16
-953384400000,8
-953298000000,3
-953211600000,11
-953125200000,10
-953038800000,13
-952952400000,20
-952866000000,7
-952779600000,19
-952693200000,16
-952606800000,15
-952520400000,12
-952434000000,18
-952347600000,6
-952261200000,33
-952174800000,10
-952088400000,19
-952002000000,17
-951915600000,17
-951829200000,2
-951742800000,57
-951656400000,8
-951570000000,12
-951483600000,9
-951397200000,40
-951310800000,26
-951224400000,3
-951138000000,24
-951051600000,13
-950965200000,6
-950878800000,13
-950792400000,9
-950706000000,29
-950619600000,8
-950533200000,15
-950446800000,1
-950360400000,22
-950274000000,12
-950187600000,12
-950101200000,9
-950014800000,21
-949928400000,19
-949842000000,46
-949755600000,18
-949669200000,24
-949582800000,28
-949496400000,78
-949410000000,24
-949323600000,11
-949237200000,1
-949150800000,8
-949064400000,20
-948978000000,26
-948891600000,19
-948805200000,13
-948718800000,25
-948632400000,7
-948546000000,25
-948459600000,8
-948373200000,18
-948286800000,9
-948200400000,15
-948114000000,24
-948027600000,13
-947941200000,41
-947854800000,33
-947768400000,53
-947682000000,31
-947595600000,16
-947509200000,23
-947422800000,4
-947336400000,6
-947163600000,50
-947077200000,28
-946990800000,20
-946904400000,6
-946818000000,21
-946731600000,2
-946645200000,30
-946558800000,16
-946472400000,23
-946386000000,8
-946299600000,13
-946213200000,31
-946126800000,6
-946040400000,11
-945954000000,31
-945867600000,15
-945781200000,12
-945694800000,8
-945608400000,11
-945522000000,4
-945435600000,7
-945349200000,34
-945262800000,22
-945176400000,16
-945090000000,15
-945003600000,8
-944917200000,2
-944830800000,36
-944744400000,41
-944658000000,6
-944571600000,3
-944485200000,9
-944398800000,4
-944312400000,3
-944226000000,23
-944139600000,8
-944053200000,24
-943966800000,9
-943880400000,16
-943794000000,7
-943707600000,29
-943621200000,12
-943534800000,18
-943448400000,7
-943362000000,6
-943275600000,10
-943189200000,0
-943102800000,45
-943016400000,12
-942930000000,31
-942843600000,17
-942757200000,8
-942670800000,24
-942584400000,15
-942498000000,28
-942411600000,25
-942325200000,29
-942238800000,8
-942152400000,7
-942066000000,13
-941979600000,6
-941893200000,20
-941806800000,15
Theme 4
-954680400000,2
-954594000000,0
-954507600000,0
-954421200000,0
-954334800000,2
-954248400000,0
-954162000000,0
-954075600000,0
-953989200000,2
-953902800000,2
-953816400000,2
-953730000000,0
-953643600000,0
-953557200000,2
-953470800000,0
-953384400000,2
-953298000000,0
-953211600000,2
-953125200000,0
-953038800000,8
-952952400000,4
-952866000000,0
-952779600000,0
-952693200000,0
-952606800000,2
-952520400000,0
-952434000000,0
-952347600000,0
-952261200000,0
-952174800000,0
-952088400000,3
-952002000000,0
-951915600000,0
-951829200000,2
-951742800000,0
-951656400000,0
-951570000000,2
-951483600000,0
-951397200000,0
-951310800000,2
-951224400000,0
-951138000000,0
-951051600000,0
-950965200000,0
-950878800000,2
-950792400000,12
-950706000000,2
-950619600000,6
-950533200000,2
-950446800000,0
-950360400000,0
-950274000000,12
-950187600000,6
-950101200000,6
-950014800000,3
-949928400000,16
-949842000000,0
-949755600000,8
-949669200000,17
-949582800000,31
-949496400000,30
-949410000000,24
-949323600000,6
-949237200000,4
-949150800000,4
-949064400000,6
-948978000000,6
-948891600000,10
-948805200000,2
-948718800000,3
-948632400000,3
-948546000000,6
-948459600000,5
-948373200000,7
-948286800000,2
-948200400000,0
-948114000000,2
-948027600000,0
-947941200000,0
-947854800000,0
-947768400000,4
-947682000000,0
-947595600000,0
-947509200000,0
-947422800000,0
-947336400000,0
-947163600000,4
-947077200000,4
-946990800000,2
-946904400000,0
-946818000000,2
-946731600000,0
-946645200000,3
-946558800000,0
-946472400000,2
-946386000000,2
-946299600000,2
-946213200000,0
-946126800000,0
-946040400000,0
-945954000000,0
-945867600000,0
-945781200000,2
-945694800000,0
-945608400000,0
-945522000000,0
-945435600000,0
-945349200000,3
-945262800000,9
-945176400000,3
-945090000000,0
-945003600000,0
-944917200000,2
-944830800000,0
-944744400000,7
-944658000000,0
-944571600000,2
-944485200000,6
-944398800000,0
-944312400000,3
-944226000000,0
-944139600000,0
-944053200000,5
-943966800000,0
-943880400000,0
-943794000000,0
-943707600000,0
-943621200000,0
-943534800000,0
-943448400000,0
-943362000000,0
-943275600000,4
-943189200000,0
-943102800000,0
-943016400000,3
-942930000000,2
-942843600000,2
-942757200000,0
-942670800000,2
-942584400000,0
-942498000000,0
-942411600000,0
-942325200000,2
-942238800000,2
-942152400000,0
-942066000000,4
-941979600000,0
-941893200000,0
-941806800000,0
Theme 5
-954680400000,9
-954594000000,29
-954507600000,14
-954421200000,8
-954334800000,8
-954248400000,20
-954162000000,28
-954075600000,0
-953989200000,44
-953902800000,43
-953816400000,26
-953730000000,29
-953643600000,22
-953557200000,27
-953470800000,6
-953384400000,31
-953298000000,18
-953211600000,24
-953125200000,15
-953038800000,18
-952952400000,49
-952866000000,9
-952779600000,25
-952693200000,20
-952606800000,18
-952520400000,42
-952434000000,67
-952347600000,58
-952261200000,19
-952174800000,55
-952088400000,11
-952002000000,27
-951915600000,61
-951829200000,55
-951742800000,43
-951656400000,27
-951570000000,61
-951483600000,38
-951397200000,35
-951310800000,30
-951224400000,17
-951138000000,42
-951051600000,23
-950965200000,56
-950878800000,31
-950792400000,34
-950706000000,44
-950619600000,32
-950533200000,59
-950446800000,50
-950360400000,54
-950274000000,47
-950187600000,7
-950101200000,39
-950014800000,258
-949928400000,67
-949842000000,42
-949755600000,87
-949669200000,46
-949582800000,67
-949496400000,63
-949410000000,27
-949323600000,31
-949237200000,34
-949150800000,25
-949064400000,47
-948978000000,40
-948891600000,13
-948805200000,39
-948718800000,38
-948632400000,0
-948546000000,42
-948459600000,25
-948373200000,19
-948286800000,31
-948200400000,46
-948114000000,25
-948027600000,18
-947941200000,49
-947854800000,28
-947768400000,44
-947682000000,15
-947595600000,21
-947509200000,20
-947422800000,12
-947336400000,36
-947163600000,33
-947077200000,7
-946990800000,26
-946904400000,11
-946818000000,23
-946731600000,9
-946645200000,26
-946558800000,33
-946472400000,25
-946386000000,7
-946299600000,34
-946213200000,16
-946126800000,15
-946040400000,41
-945954000000,38
-945867600000,25
-945781200000,30
-945694800000,6
-945608400000,13
-945522000000,39
-945435600000,44
-945349200000,23
-945262800000,58
-945176400000,42
-945090000000,24
-945003600000,10
-944917200000,31
-944830800000,41
-944744400000,21
-944658000000,18
-944571600000,37
-944485200000,22
-944398800000,17
-944312400000,45
-944226000000,37
-944139600000,27
-944053200000,8
-943966800000,28
-943880400000,14
-943794000000,12
-943707600000,35
-943621200000,27
-943534800000,13
-943448400000,6
-943362000000,51
-943275600000,49
-943189200000,17
-943102800000,31
-943016400000,15
-942930000000,38
-942843600000,15
-942757200000,20
-942670800000,20
-942584400000,15
-942498000000,45
-942411600000,24
-942325200000,18
-942238800000,30
-942152400000,28
-942066000000,27
-941979600000,22
-941893200000,32
-941806800000,28
Theme 6
-954680400000,74
-954594000000,89
-954507600000,82
-954421200000,92
-954334800000,99
-954248400000,82
-954162000000,75
-954075600000,29
-953989200000,87
-953902800000,86
-953816400000,82
-953730000000,35
-953643600000,76
-953557200000,72
-953470800000,98
-953384400000,120
-953298000000,79
-953211600000,90
-953125200000,76
-953038800000,114
-952952400000,105
-952866000000,122
-952779600000,93
-952693200000,88
-952606800000,73
-952520400000,111
-952434000000,65
-952347600000,81
-952261200000,98
-952174800000,90
-952088400000,83
-952002000000,107
-951915600000,103
-951829200000,87
-951742800000,81
-951656400000,39
-951570000000,86
-951483600000,101
-951397200000,71
-951310800000,144
-951224400000,49
-951138000000,87
-951051600000,94
-950965200000,104
-950878800000,75
-950792400000,106
-950706000000,77
-950619600000,81
-950533200000,65
-950446800000,85
-950360400000,106
-950274000000,71
-950187600000,43
-950101200000,96
-950014800000,95
-949928400000,152
-949842000000,171
-949755600000,142
-949669200000,107
-949582800000,131
-949496400000,155
-949410000000,106
-949323600000,74
-949237200000,103
-949150800000,100
-949064400000,85
-948978000000,89
-948891600000,96
-948805200000,86
-948718800000,56
-948632400000,41
-948546000000,95
-948459600000,84
-948373200000,108
-948286800000,125
-948200400000,109
-948114000000,95
-948027600000,97
-947941200000,88
-947854800000,92
-947768400000,77
-947682000000,73
-947595600000,93
-947509200000,93
-947422800000,32
-947336400000,98
-947163600000,77
-947077200000,88
-946990800000,96
-946904400000,43
-946818000000,39
-946731600000,24
-946645200000,81
-946558800000,81
-946472400000,79
-946386000000,24
-946299600000,69
-946213200000,104
-946126800000,50
-946040400000,83
-945954000000,81
-945867600000,89
-945781200000,115
-945694800000,34
-945608400000,26
-945522000000,109
-945435600000,95
-945349200000,125
-945262800000,93
-945176400000,98
-945090000000,88
-945003600000,107
-944917200000,89
-944830800000,105
-944744400000,87
-944658000000,99
-944571600000,66
-944485200000,87
-944398800000,101
-944312400000,120
-944226000000,108
-944139600000,122
-944053200000,82
-943966800000,102
-943880400000,82
-943794000000,42
-943707600000,122
-943621200000,69
-943534800000,120
-943448400000,43
-943362000000,95
-943275600000,90
-943189200000,136
-943102800000,124
-943016400000,112
-942930000000,100
-942843600000,91
-942757200000,75
-942670800000,83
-942584400000,107
-942498000000,107
-942411600000,106
-942325200000,88
-942238800000,85
-942152400000,85
-942066000000,91
-941979600000,100
-941893200000,88
-941806800000,104
Theme 7
-954680400000,0
-954594000000,16
-954507600000,4
-954421200000,16
-954334800000,18
-954248400000,2
-954162000000,8
-954075600000,0
-953989200000,7
-953902800000,4
-953816400000,0
-953730000000,0
-953643600000,4
-953557200000,8
-953470800000,7
-953384400000,2
-953298000000,4
-953211600000,8
-953125200000,3
-953038800000,4
-952952400000,16
-952866000000,6
-952779600000,19
-952693200000,3
-952606800000,2
-952520400000,12
-952434000000,2
-952347600000,15
-952261200000,2
-952174800000,0
-952088400000,8
-952002000000,45
-951915600000,8
-951829200000,15
-951742800000,18
-951656400000,4
-951570000000,2
-951483600000,10
-951397200000,14
-951310800000,7
-951224400000,4
-951138000000,29
-951051600000,28
-950965200000,12
-950878800000,44
-950792400000,137
-950706000000,38
-950619600000,6
-950533200000,13
-950446800000,9
-950360400000,10
-950274000000,25
-950187600000,2
-950101200000,14
-950014800000,5
-949928400000,7
-949842000000,4
-949755600000,0
-949669200000,6
-949582800000,59
-949496400000,5
-949410000000,2
-949323600000,6
-949237200000,0
-949150800000,12
-949064400000,3
-948978000000,17
-948891600000,8
-948805200000,9
-948718800000,2
-948632400000,0
-948546000000,4
-948459600000,2
-948373200000,9
-948286800000,6
-948200400000,7
-948114000000,2
-948027600000,0
-947941200000,4
-947854800000,18
-947768400000,15
-947682000000,2
-947595600000,9
-947509200000,6
-947422800000,5
-947336400000,0
-947163600000,28
-947077200000,0
-946990800000,1
-946904400000,2
-946818000000,0
-946731600000,0
-946645200000,8
-946558800000,4
-946472400000,0
-946386000000,0
-946299600000,2
-946213200000,7
-946126800000,0
-946040400000,11
-945954000000,6
-945867600000,6
-945781200000,9
-945694800000,2
-945608400000,4
-945522000000,6
-945435600000,2
-945349200000,8
-945262800000,2
-945176400000,2
-945090000000,11
-945003600000,2
-944917200000,6
-944830800000,7
-944744400000,5
-944658000000,13
-944571600000,0
-944485200000,4
-944398800000,2
-944312400000,6
-944226000000,5
-944139600000,7
-944053200000,6
-943966800000,2
-943880400000,2
-943794000000,6
-943707600000,7
-943621200000,2
-943534800000,78
-943448400000,2
-943362000000,2
-943275600000,12
-943189200000,5
-943102800000,0
-943016400000,9
-942930000000,4
-942843600000,11
-942757200000,6
-942670800000,5
-942584400000,2
-942498000000,6
-942411600000,10
-942325200000,21
-942238800000,8
-942152400000,10
-942066000000,12
-941979600000,0
-941893200000,6
-941806800000,7
Theme 8
-954680400000,0
-954594000000,0
-954507600000,2
-954421200000,0
-954334800000,0
-954248400000,3
-954162000000,3
-954075600000,0
-953989200000,0
-953902800000,3
-953816400000,2
-953730000000,0
-953643600000,3
-953557200000,0
-953470800000,0
-953384400000,2
-953298000000,3
-953211600000,0
-953125200000,0
-953038800000,0
-952952400000,3
-952866000000,0
-952779600000,0
-952693200000,0
-952606800000,0
-952520400000,0
-952434000000,0
-952347600000,0
-952261200000,2
-952174800000,0
-952088400000,2
-952002000000,0
-951915600000,0
-951829200000,3
-951742800000,3
-951656400000,4
-951570000000,3
-951483600000,0
-951397200000,0
-951310800000,11
-951224400000,11
-951138000000,3
-951051600000,43
-950965200000,9
-950878800000,3
-950792400000,6
-950706000000,12
-950619600000,34
-950533200000,4
-950446800000,3
-950360400000,0
-950274000000,2
-950187600000,0
-950101200000,0
-950014800000,0
-949928400000,0
-949842000000,0
-949755600000,3
-949669200000,0
-949582800000,6
-949496400000,8
-949410000000,0
-949323600000,3
-949237200000,2
-949150800000,0
-949064400000,0
-948978000000,2
-948891600000,0
-948805200000,2
-948718800000,2
-948632400000,2
-948546000000,0
-948459600000,0
-948373200000,2
-948286800000,0
-948200400000,0
-948114000000,3
-948027600000,0
-947941200000,0
-947854800000,0
-947768400000,0
-947682000000,0
-947595600000,14
-947509200000,7
-947422800000,0
-947336400000,0
-947163600000,6
-947077200000,2
-946990800000,4
-946904400000,0
-946818000000,2
-946731600000,0
-946645200000,0
-946558800000,2
-946472400000,3
-946386000000,3
-946299600000,3
-946213200000,2
-946126800000,0
-946040400000,0
-945954000000,0
-945867600000,0
-945781200000,0
-945694800000,0
-945608400000,0
-945522000000,2
-945435600000,15
-945349200000,3
-945262800000,2
-945176400000,2
-945090000000,0
-945003600000,0
-944917200000,0
-944830800000,0
-944744400000,2
-944658000000,0
-944571600000,0
-944485200000,0
-944398800000,0
-944312400000,0
-944226000000,0
-944139600000,0
-944053200000,0
-943966800000,2
-943880400000,2
-943794000000,0
-943707600000,0
-943621200000,0
-943534800000,2
-943448400000,0
-943362000000,10
-943275600000,0
-943189200000,0
-943102800000,4
-943016400000,0
-942930000000,2
-942843600000,0
-942757200000,0
-942670800000,0
-942584400000,0
-942498000000,0
-942411600000,0
-942325200000,0
-942238800000,2
-942152400000,0
-942066000000,0
-941979600000,3
-941893200000,3
-941806800000,2
Theme 9
-954680400000,48
-954594000000,82
-954507600000,47
-954421200000,59
-954334800000,85
-954248400000,48
-954162000000,78
-954075600000,36
-953989200000,70
-953902800000,74
-953816400000,60
-953730000000,29
-953643600000,80
-953557200000,58
-953470800000,55
-953384400000,67
-953298000000,59
-953211600000,54
-953125200000,39
-953038800000,48
-952952400000,60
-952866000000,57
-952779600000,52
-952693200000,57
-952606800000,42
-952520400000,61
-952434000000,61
-952347600000,57
-952261200000,53
-952174800000,71
-952088400000,52
-952002000000,64
-951915600000,60
-951829200000,55
-951742800000,62
-951656400000,23
-951570000000,58
-951483600000,74
-951397200000,63
-951310800000,101
-951224400000,37
-951138000000,65
-951051600000,89
-950965200000,64
-950878800000,116
-950792400000,77
-950706000000,76
-950619600000,92
-950533200000,47
-950446800000,37
-950360400000,56
-950274000000,45
-950187600000,40
-950101200000,71
-950014800000,33
-949928400000,43
-949842000000,36
-949755600000,57
-949669200000,50
-949582800000,61
-949496400000,56
-949410000000,62
-949323600000,49
-949237200000,40
-949150800000,54
-949064400000,50
-948978000000,62
-948891600000,61
-948805200000,51
-948718800000,33
-948632400000,33
-948546000000,49
-948459600000,64
-948373200000,76
-948286800000,63
-948200400000,49
-948114000000,68
-948027600000,53
-947941200000,64
-947854800000,71
-947768400000,64
-947682000000,71
-947595600000,64
-947509200000,66
-947422800000,31
-947336400000,62
-947163600000,50
-947077200000,46
-946990800000,62
-946904400000,12
-946818000000,27
-946731600000,10
-946645200000,51
-946558800000,58
-946472400000,51
-946386000000,19
-946299600000,48
-946213200000,36
-946126800000,22
-946040400000,53
-945954000000,39
-945867600000,54
-945781200000,53
-945694800000,19
-945608400000,26
-945522000000,63
-945435600000,53
-945349200000,61
-945262800000,50
-945176400000,53
-945090000000,42
-945003600000,42
-944917200000,55
-944830800000,48
-944744400000,39
-944658000000,60
-944571600000,39
-944485200000,55
-944398800000,56
-944312400000,59
-944226000000,58
-944139600000,83
-944053200000,71
-943966800000,66
-943880400000,64
-943794000000,23
-943707600000,71
-943621200000,73
-943534800000,78
-943448400000,28
-943362000000,58
-943275600000,51
-943189200000,55
-943102800000,89
-943016400000,72
-942930000000,48
-942843600000,62
-942757200000,65
-942670800000,58
-942584400000,52
-942498000000,58
-942411600000,56
-942325200000,39
-942238800000,46
-942152400000,54
-942066000000,31
-941979600000,57
-941893200000,63
-941806800000,69
Theme 10
-954680400000,6
-954594000000,6
-954507600000,4
-954421200000,4
-954334800000,3
-954248400000,3
-954162000000,4
-954075600000,0
-953989200000,0
-953902800000,3
-953816400000,3
-953730000000,2
-953643600000,2
-953557200000,2
-953470800000,6
-953384400000,5
-953298000000,7
-953211600000,6
-953125200000,8
-953038800000,2
-952952400000,2
-952866000000,6
-952779600000,4
-952693200000,0
-952606800000,9
-952520400000,5
-952434000000,0
-952347600000,5
-952261200000,3
-952174800000,0
-952088400000,3
-952002000000,2
-951915600000,2
-951829200000,9
-951742800000,7
-951656400000,2
-951570000000,3
-951483600000,0
-951397200000,6
-951310800000,2
-951224400000,5
-951138000000,9
-951051600000,29
-950965200000,21
-950878800000,38
-950792400000,51
-950706000000,29
-950619600000,0
-950533200000,2
-950446800000,5
-950360400000,5
-950274000000,3
-950187600000,4
-950101200000,0
-950014800000,5
-949928400000,11
-949842000000,3
-949755600000,5
-949669200000,3
-949582800000,3
-949496400000,6
-949410000000,2
-949323600000,0
-949237200000,5
-949150800000,0
-949064400000,0
-948978000000,4
-948891600000,4
-948805200000,5
-948718800000,7
-948632400000,3
-948546000000,10
-948459600000,6
-948373200000,8
-948286800000,0
-948200400000,2
-948114000000,5
-948027600000,2
-947941200000,2
-947854800000,4
-947768400000,12
-947682000000,2
-947595600000,5
-947509200000,0
-947422800000,2
-947336400000,6
-947163600000,5
-947077200000,5
-946990800000,0
-946904400000,0
-946818000000,0
-946731600000,0
-946645200000,0
-946558800000,0
-946472400000,4
-946386000000,0
-946299600000,4
-946213200000,9
-946126800000,0
-946040400000,0
-945954000000,0
-945867600000,4
-945781200000,6
-945694800000,0
-945608400000,0
-945522000000,9
-945435600000,4
-945349200000,10
-945262800000,3
-945176400000,6
-945090000000,6
-945003600000,3
-944917200000,12
-944830800000,2
-944744400000,2
-944658000000,2
-944571600000,4
-944485200000,4
-944398800000,12
-944312400000,0
-944226000000,5
-944139600000,7
-944053200000,0
-943966800000,4
-943880400000,0
-943794000000,0
-943707600000,8
-943621200000,2
-943534800000,2
-943448400000,0
-943362000000,7
-943275600000,5
-943189200000,4
-943102800000,4
-943016400000,3
-942930000000,5
-942843600000,7
-942757200000,6
-942670800000,3
-942584400000,3
-942498000000,2
-942411600000,3
-942325200000,12
-942238800000,3
-942152400000,3
-942066000000,2
-941979600000,3
-941893200000,5
-941806800000,12
Theme 11
-954680400000,150
-954594000000,171
-954507600000,135
-954421200000,103
-954334800000,130
-954248400000,107
-954162000000,123
-954075600000,60
-953989200000,170
-953902800000,148
-953816400000,129
-953730000000,70
-953643600000,104
-953557200000,137
-953470800000,96
-953384400000,110
-953298000000,95
-953211600000,134
-953125200000,127
-953038800000,190
-952952400000,111
-952866000000,117
-952779600000,165
-952693200000,196
-952606800000,89
-952520400000,146
-952434000000,164
-952347600000,120
-952261200000,251
-952174800000,158
-952088400000,172
-952002000000,168
-951915600000,133
-951829200000,165
-951742800000,76
-951656400000,33
-951570000000,167
-951483600000,183
-951397200000,139
-951310800000,144
-951224400000,98
-951138000000,234
-951051600000,258
-950965200000,248
-950878800000,251
-950792400000,290
-950706000000,149
-950619600000,150
-950533200000,164
-950446800000,125
-950360400000,124
-950274000000,181
-950187600000,54
-950101200000,153
-950014800000,161
-949928400000,168
-949842000000,138
-949755600000,201
-949669200000,213
-949582800000,241
-949496400000,110
-949410000000,148
-949323600000,146
-949237200000,107
-949150800000,152
-949064400000,167
-948978000000,195
-948891600000,100
-948805200000,216
-948718800000,92
-948632400000,31
-948546000000,186
-948459600000,97
-948373200000,103
-948286800000,156
-948200400000,128
-948114000000,120
-948027600000,98
-947941200000,104
-947854800000,120
-947768400000,98
-947682000000,110
-947595600000,133
-947509200000,177
-947422800000,75
-947336400000,185
-947163600000,173
-947077200000,198
-946990800000,167
-946904400000,59
-946818000000,48
-946731600000,47
-946645200000,133
-946558800000,154
-946472400000,152
-946386000000,36
-946299600000,121
-946213200000,151
-946126800000,38
-946040400000,105
-945954000000,174
-945867600000,115
-945781200000,159
-945694800000,39
-945608400000,41
-945522000000,88
-945435600000,103
-945349200000,143
-945262800000,133
-945176400000,198
-945090000000,130
-945003600000,120
-944917200000,127
-944830800000,128
-944744400000,110
-944658000000,186
-944571600000,135
-944485200000,106
-944398800000,142
-944312400000,198
-944226000000,170
-944139600000,152
-944053200000,188
-943966800000,161
-943880400000,97
-943794000000,57
-943707600000,114
-943621200000,123
-943534800000,182
-943448400000,45
-943362000000,109
-943275600000,63
-943189200000,207
-943102800000,158
-943016400000,132
-942930000000,190
-942843600000,156
-942757200000,153
-942670800000,74
-942584400000,154
-942498000000,121
-942411600000,154
-942325200000,194
-942238800000,177
-942152400000,190
-942066000000,91
-941979600000,149
-941893200000,161
-941806800000,175
Theme 12
-954680400000,296
-954594000000,141
-954507600000,83
-954421200000,72
-954334800000,54
-954248400000,35
-954162000000,214
-954075600000,7
-953989200000,86
-953902800000,72
-953816400000,116
-953730000000,44
-953643600000,48
-953557200000,261
-953470800000,316
-953384400000,102
-953298000000,138
-953211600000,98
-953125200000,85
-953038800000,64
-952952400000,536
-952866000000,58
-952779600000,130
-952693200000,68
-952606800000,78
-952520400000,65
-952434000000,104
-952347600000,105
-952261200000,336
-952174800000,120
-952088400000,81
-952002000000,93
-951915600000,121
-951829200000,150
-951742800000,492
-951656400000,172
-951570000000,156
-951483600000,268
-951397200000,265
-951310800000,244
-951224400000,118
-951138000000,520
-951051600000,325
-950965200000,102
-950878800000,162
-950792400000,176
-950706000000,165
-950619600000,385
-950533200000,236
-950446800000,441
-950360400000,195
-950274000000,212
-950187600000,59
-950101200000,340
-950014800000,134
-949928400000,145
-949842000000,363
-949755600000,130
-949669200000,124
-949582800000,171
-949496400000,128
-949410000000,101
-949323600000,328
-949237200000,428
-949150800000,109
-949064400000,185
-948978000000,118
-948891600000,81
-948805200000,101
-948718800000,300
-948632400000,46
-948546000000,93
-948459600000,96
-948373200000,85
-948286800000,108
-948200400000,108
-948114000000,100
-948027600000,43
-947941200000,116
-947854800000,152
-947768400000,152
-947682000000,105
-947595600000,93
-947509200000,91
-947422800000,79
-947336400000,96
-947163600000,94
-947077200000,71
-946990800000,113
-946904400000,243
-946818000000,73
-946731600000,33
-946645200000,37
-946558800000,89
-946472400000,97
-946386000000,25
-946299600000,314
-946213200000,336
-946126800000,60
-946040400000,263
-945954000000,190
-945867600000,133
-945781200000,137
-945694800000,259
-945608400000,65
-945522000000,155
-945435600000,112
-945349200000,97
-945262800000,191
-945176400000,142
-945090000000,100
-945003600000,365
-944917200000,178
-944830800000,102
-944744400000,116
-944658000000,141
-944571600000,105
-944485200000,94
-944398800000,366
-944312400000,105
-944226000000,111
-944139600000,150
-944053200000,115
-943966800000,100
-943880400000,150
-943794000000,63
-943707600000,129
-943621200000,112
-943534800000,156
-943448400000,78
-943362000000,104
-943275600000,289
-943189200000,377
-943102800000,77
-943016400000,90
-942930000000,95
-942843600000,51
-942757200000,64
-942670800000,69
-942584400000,409
-942498000000,137
-942411600000,113
-942325200000,116
-942238800000,110
-942152400000,86
-942066000000,116
-941979600000,388
-941893200000,124
-941806800000,116
Theme 13
-954680400000,2
-954594000000,5
-954507600000,2
-954421200000,9
-954334800000,13
-954248400000,5
-954162000000,1
-954075600000,0
-953989200000,6
-953902800000,4
-953816400000,2
-953730000000,1
-953643600000,2
-953557200000,8
-953470800000,1
-953384400000,2
-953298000000,4
-953211600000,9
-953125200000,3
-953038800000,0
-952952400000,8
-952866000000,7
-952779600000,7
-952693200000,6
-952606800000,4
-952520400000,4
-952434000000,4
-952347600000,6
-952261200000,4
-952174800000,10
-952088400000,14
-952002000000,10
-951915600000,6
-951829200000,2
-951742800000,15
-951656400000,3
-951570000000,7
-951483600000,7
-951397200000,3
-951310800000,15
-951224400000,1
-951138000000,5
-951051600000,7
-950965200000,7
-950878800000,14
-950792400000,32
-950706000000,11
-950619600000,11
-950533200000,8
-950446800000,3
-950360400000,24
-950274000000,32
-950187600000,7
-950101200000,9
-950014800000,8
-949928400000,14
-949842000000,5
-949755600000,10
-949669200000,21
-949582800000,17
-949496400000,16
-949410000000,16
-949323600000,2
-949237200000,4
-949150800000,9
-949064400000,13
-948978000000,17
-948891600000,2
-948805200000,4
-948718800000,9
-948632400000,5
-948546000000,7
-948459600000,13
-948373200000,8
-948286800000,21
-948200400000,15
-948114000000,16
-948027600000,7
-947941200000,3
-947854800000,9
-947768400000,9
-947682000000,4
-947595600000,3
-947509200000,6
-947422800000,2
-947336400000,3
-947163600000,3
-947077200000,7
-946990800000,2
-946904400000,3
-946818000000,3
-946731600000,0
-946645200000,1
-946558800000,5
-946472400000,6
-946386000000,3
-946299600000,11
-946213200000,1
-946126800000,1
-946040400000,4
-945954000000,7
-945867600000,9
-945781200000,5
-945694800000,5
-945608400000,0
-945522000000,3
-945435600000,10
-945349200000,13
-945262800000,8
-945176400000,3
-945090000000,18
-945003600000,8
-944917200000,2
-944830800000,3
-944744400000,17
-944658000000,5
-944571600000,5
-944485200000,4
-944398800000,6
-944312400000,3
-944226000000,4
-944139600000,8
-944053200000,2
-943966800000,7
-943880400000,4
-943794000000,0
-943707600000,7
-943621200000,3
-943534800000,15
-943448400000,1
-943362000000,4
-943275600000,4
-943189200000,3
-943102800000,6
-943016400000,4
-942930000000,5
-942843600000,20
-942757200000,3
-942670800000,8
-942584400000,6
-942498000000,6
-942411600000,7
-942325200000,17
-942238800000,11
-942152400000,13
-942066000000,4
-941979600000,10
-941893200000,2
-941806800000,10
Theme 14
-954680400000,16
-954594000000,46
-954507600000,19
-954421200000,11
-954334800000,11
-954248400000,11
-954162000000,21
-954075600000,2
-953989200000,52
-953902800000,41
-953816400000,23
-953730000000,35
-953643600000,28
-953557200000,37
-953470800000,13
-953384400000,42
-953298000000,29
-953211600000,26
-953125200000,17
-953038800000,19
-952952400000,34
-952866000000,12
-952779600000,18
-952693200000,21
-952606800000,0
-952520400000,5
-952434000000,73
-952347600000,51
-952261200000,29
-952174800000,76
-952088400000,22
-952002000000,16
-951915600000,13
-951829200000,47
-951742800000,84
-951656400000,33
-951570000000,59
-951483600000,15
-951397200000,23
-951310800000,32
-951224400000,7
-951138000000,37
-951051600000,20
-950965200000,63
-950878800000,18
-950792400000,14
-950706000000,26
-950619600000,34
-950533200000,154
-950446800000,109
-950360400000,99
-950274000000,48
-950187600000,3
-950101200000,38
-950014800000,53
-949928400000,24
-949842000000,30
-949755600000,37
-949669200000,29
-949582800000,18
-949496400000,26
-949410000000,24
-949323600000,8
-949237200000,4
-949150800000,8
-949064400000,42
-948978000000,5
-948891600000,7
-948805200000,53
-948718800000,25
-948632400000,2
-948546000000,21
-948459600000,24
-948373200000,19
-948286800000,13
-948200400000,36
-948114000000,6
-948027600000,5
-947941200000,47
-947854800000,18
-947768400000,12
-947682000000,13
-947595600000,16
-947509200000,14
-947422800000,36
-947336400000,55
-947163600000,24
-947077200000,15
-946990800000,15
-946904400000,9
-946818000000,61
-946731600000,0
-946645200000,10
-946558800000,17
-946472400000,19
-946386000000,8
-946299600000,24
-946213200000,22
-946126800000,46
-946040400000,58
-945954000000,68
-945867600000,17
-945781200000,66
-945694800000,4
-945608400000,7
-945522000000,19
-945435600000,10
-945349200000,13
-945262800000,25
-945176400000,78
-945090000000,64
-945003600000,7
-944917200000,50
-944830800000,10
-944744400000,11
-944658000000,2
-944571600000,23
-944485200000,12
-944398800000,8
-944312400000,22
-944226000000,15
-944139600000,11
-944053200000,23
-943966800000,63
-943880400000,52
-943794000000,47
-943707600000,16
-943621200000,10
-943534800000,16
-943448400000,12
-943362000000,62
-943275600000,61
-943189200000,8
-943102800000,6
-943016400000,22
-942930000000,57
-942843600000,11
-942757200000,30
-942670800000,7
-942584400000,13
-942498000000,15
-942411600000,9
-942325200000,9
-942238800000,4
-942152400000,60
-942066000000,51
-941979600000,8
-941893200000,51
-941806800000,16
Theme 15
-954680400000,11
-954594000000,10
-954507600000,14
-954421200000,10
-954334800000,9
-954248400000,6
-954162000000,12
-954075600000,1
-953989200000,12
-953902800000,7
-953816400000,5
-953730000000,9
-953643600000,4
-953557200000,9
-953470800000,3
-953384400000,16
-953298000000,7
-953211600000,4
-953125200000,8
-953038800000,9
-952952400000,10
-952866000000,5
-952779600000,9
-952693200000,10
-952606800000,16
-952520400000,9
-952434000000,7
-952347600000,18
-952261200000,5
-952174800000,8
-952088400000,8
-952002000000,15
-951915600000,23
-951829200000,6
-951742800000,18
-951656400000,2
-951570000000,16
-951483600000,19
-951397200000,18
-951310800000,26
-951224400000,6
-951138000000,7
-951051600000,10
-950965200000,8
-950878800000,12
-950792400000,9
-950706000000,16
-950619600000,14
-950533200000,7
-950446800000,11
-950360400000,17
-950274000000,18
-950187600000,6
-950101200000,11
-950014800000,13
-949928400000,8
-949842000000,6
-949755600000,11
-949669200000,8
-949582800000,8
-949496400000,17
-949410000000,12
-949323600000,5
-949237200000,13
-949150800000,9
-949064400000,13
-948978000000,7
-948891600000,21
-948805200000,9
-948718800000,7
-948632400000,2
-948546000000,5
-948459600000,6
-948373200000,9
-948286800000,8
-948200400000,8
-948114000000,5
-948027600000,5
-947941200000,8
-947854800000,7
-947768400000,11
-947682000000,12
-947595600000,8
-947509200000,12
-947422800000,7
-947336400000,9
-947163600000,10
-947077200000,10
-946990800000,11
-946904400000,2
-946818000000,2
-946731600000,3
-946645200000,14
-946558800000,21
-946472400000,6
-946386000000,1
-946299600000,1
-946213200000,10
-946126800000,3
-946040400000,14
-945954000000,14
-945867600000,13
-945781200000,9
-945694800000,8
-945608400000,8
-945522000000,14
-945435600000,17
-945349200000,8
-945262800000,11
-945176400000,17
-945090000000,12
-945003600000,6
-944917200000,6
-944830800000,9
-944744400000,9
-944658000000,6
-944571600000,4
-944485200000,9
-944398800000,5
-944312400000,10
-944226000000,11
-944139600000,9
-944053200000,9
-943966800000,9
-943880400000,9
-943794000000,8
-943707600000,13
-943621200000,7
-943534800000,19
-943448400000,3
-943362000000,9
-943275600000,11
-943189200000,14
-943102800000,12
-943016400000,11
-942930000000,20
-942843600000,13
-942757200000,9
-942670800000,13
-942584400000,8
-942498000000,8
-942411600000,8
-942325200000,6
-942238800000,11
-942152400000,4
-942066000000,15
-941979600000,9
-941893200000,16
-941806800000,5
Theme 16
-954680400000,43
-954594000000,35
-954507600000,69
-954421200000,80
-954334800000,88
-954248400000,37
-954162000000,39
-954075600000,0
-953989200000,24
-953902800000,42
-953816400000,68
-953730000000,1
-953643600000,43
-953557200000,46
-953470800000,59
-953384400000,43
-953298000000,77
-953211600000,72
-953125200000,87
-953038800000,65
-952952400000,49
-952866000000,48
-952779600000,54
-952693200000,63
-952606800000,2
-952520400000,27
-952434000000,59
-952347600000,34
-952261200000,58
-952174800000,49
-952088400000,0
-952002000000,14
-951915600000,72
-951829200000,89
-951742800000,176
-951656400000,60
-951570000000,66
-951483600000,63
-951397200000,94
-951310800000,136
-951224400000,2
-951138000000,83
-951051600000,0
-950965200000,54
-950878800000,88
-950792400000,88
-950706000000,107
-950619600000,74
-950533200000,284
-950446800000,47
-950360400000,135
-950274000000,92
-950187600000,6
-950101200000,120
-950014800000,78
-949928400000,166
-949842000000,68
-949755600000,77
-949669200000,19
-949582800000,23
-949496400000,21
-949410000000,74
-949323600000,138
-949237200000,51
-949150800000,23
-949064400000,42
-948978000000,53
-948891600000,57
-948805200000,69
-948718800000,39
-948632400000,0
-948546000000,57
-948459600000,48
-948373200000,80
-948286800000,60
-948200400000,34
-948114000000,31
-948027600000,0
-947941200000,68
-947854800000,68
-947768400000,79
-947682000000,42
-947595600000,30
-947509200000,62
-947422800000,0
-947336400000,111
-947163600000,22
-947077200000,74
-946990800000,54
-946904400000,2
-946818000000,55
-946731600000,0
-946645200000,40
-946558800000,69
-946472400000,73
-946386000000,0
-946299600000,129
-946213200000,58
-946126800000,39
-946040400000,80
-945954000000,79
-945867600000,122
-945781200000,53
-945694800000,0
-945608400000,4
-945522000000,41
-945435600000,40
-945349200000,42
-945262800000,36
-945176400000,32
-945090000000,200
-945003600000,3
-944917200000,79
-944830800000,47
-944744400000,33
-944658000000,19
-944571600000,59
-944485200000,105
-944398800000,0
-944312400000,27
-944226000000,53
-944139600000,79
-944053200000,34
-943966800000,30
-943880400000,45
-943794000000,32
-943707600000,46
-943621200000,32
-943534800000,28
-943448400000,53
-943362000000,37
-943275600000,34
-943189200000,6
-943102800000,31
-943016400000,41
-942930000000,51
-942843600000,31
-942757200000,38
-942670800000,46
-942584400000,35
-942498000000,35
-942411600000,79
-942325200000,35
-942238800000,36
-942152400000,43
-942066000000,146
-941979600000,55
-941893200000,82
-941806800000,80
Theme 17
-954680400000,7
-954594000000,15
-954507600000,27
-954421200000,15
-954334800000,34
-954248400000,14
-954162000000,25
-954075600000,9
-953989200000,8
-953902800000,17
-953816400000,4
-953730000000,11
-953643600000,19
-953557200000,1
-953470800000,21
-953384400000,11
-953298000000,18
-953211600000,6
-953125200000,18
-953038800000,17
-952952400000,5
-952866000000,0
-952779600000,2
-952693200000,12
-952606800000,2
-952520400000,4
-952434000000,26
-952347600000,8
-952261200000,6
-952174800000,4
-952088400000,12
-952002000000,8
-951915600000,20
-951829200000,21
-951742800000,13
-951656400000,5
-951570000000,1
-951483600000,9
-951397200000,4
-951310800000,7
-951224400000,2
-951138000000,4
-951051600000,0
-950965200000,2
-950878800000,2
-950792400000,6
-950706000000,24
-950619600000,11
-950533200000,7
-950446800000,2
-950360400000,6
-950274000000,4
-950187600000,4
-950101200000,2
-950014800000,6
-949928400000,0
-949842000000,0
-949755600000,12
-949669200000,34
-949582800000,4
-949496400000,53
-949410000000,18
-949323600000,95
-949237200000,69
-949150800000,85
-949064400000,17
-948978000000,94
-948891600000,81
-948805200000,13
-948718800000,9
-948632400000,10
-948546000000,25
-948459600000,81
-948373200000,51
-948286800000,38
-948200400000,29
-948114000000,14
-948027600000,10
-947941200000,4
-947854800000,28
-947768400000,21
-947682000000,14
-947595600000,23
-947509200000,15
-947422800000,4
-947336400000,19
-947163600000,23
-947077200000,21
-946990800000,21
-946904400000,0
-946818000000,4
-946731600000,4
-946645200000,20
-946558800000,17
-946472400000,13
-946386000000,11
-946299600000,18
-946213200000,4
-946126800000,0
-946040400000,6
-945954000000,20
-945867600000,31
-945781200000,31
-945694800000,0
-945608400000,0
-945522000000,6
-945435600000,18
-945349200000,7
-945262800000,20
-945176400000,22
-945090000000,10
-945003600000,0
-944917200000,22
-944830800000,12
-944744400000,11
-944658000000,14
-944571600000,6
-944485200000,7
-944398800000,8
-944312400000,9
-944226000000,9
-944139600000,18
-944053200000,11
-943966800000,14
-943880400000,7
-943794000000,0
-943707600000,14
-943621200000,20
-943534800000,30
-943448400000,13
-943362000000,8
-943275600000,11
-943189200000,16
-943102800000,23
-943016400000,18
-942930000000,4
-942843600000,37
-942757200000,14
-942670800000,2
-942584400000,0
-942498000000,13
-942411600000,6
-942325200000,19
-942238800000,9
-942152400000,6
-942066000000,18
-941979600000,6
-941893200000,5
-941806800000,19
Theme 18
-954680400000,0
-954594000000,11
-954507600000,0
-954421200000,0
-954334800000,3
-954248400000,0
-954162000000,0
-954075600000,0
-953989200000,0
-953902800000,0
-953816400000,3
-953730000000,6
-953643600000,0
-953557200000,0
-953470800000,3
-953384400000,0
-953298000000,0
-953211600000,0
-953125200000,3
-953038800000,3
-952952400000,3
-952866000000,3
-952779600000,26
-952693200000,0
-952606800000,0
-952520400000,6
-952434000000,4
-952347600000,5
-952261200000,4
-952174800000,7
-952088400000,4
-952002000000,4
-951915600000,8
-951829200000,5
-951742800000,4
-951656400000,0
-951570000000,8
-951483600000,0
-951397200000,3
-951310800000,3
-951224400000,0
-951138000000,12
-951051600000,0
-950965200000,8
-950878800000,7
-950792400000,3
-950706000000,3
-950619600000,5
-950533200000,10
-950446800000,0
-950360400000,3
-950274000000,0
-950187600000,0
-950101200000,0
-950014800000,4
-949928400000,6
-949842000000,3
-949755600000,13
-949669200000,4
-949582800000,11
-949496400000,3
-949410000000,16
-949323600000,25
-949237200000,14
-949150800000,53
-949064400000,12
-948978000000,27
-948891600000,27
-948805200000,7
-948718800000,6
-948632400000,0
-948546000000,6
-948459600000,6
-948373200000,12
-948286800000,3
-948200400000,5
-948114000000,0
-948027600000,0
-947941200000,12
-947854800000,8
-947768400000,14
-947682000000,4
-947595600000,8
-947509200000,7
-947422800000,0
-947336400000,19
-947163600000,9
-947077200000,7
-946990800000,5
-946904400000,0
-946818000000,0
-946731600000,0
-946645200000,3
-946558800000,3
-946472400000,6
-946386000000,0
-946299600000,3
-946213200000,8
-946126800000,10
-946040400000,10
-945954000000,9
-945867600000,5
-945781200000,6
-945694800000,0
-945608400000,0
-945522000000,3
-945435600000,5
-945349200000,6
-945262800000,3
-945176400000,0
-945090000000,3
-945003600000,0
-944917200000,3
-944830800000,0
-944744400000,4
-944658000000,0
-944571600000,4
-944485200000,0
-944398800000,4
-944312400000,19
-944226000000,30
-944139600000,4
-944053200000,17
-943966800000,17
-943880400000,7
-943794000000,0
-943707600000,11
-943621200000,11
-943534800000,12
-943448400000,0
-943362000000,3
-943275600000,6
-943189200000,0
-943102800000,9
-943016400000,6
-942930000000,3
-942843600000,6
-942757200000,8
-942670800000,11
-942584400000,3
-942498000000,7
-942411600000,16
-942325200000,5
-942238800000,0
-942152400000,0
-942066000000,2
-941979600000,10
-941893200000,7
-941806800000,0
Theme 19
-954680400000,6
-954594000000,19
-954507600000,12
-954421200000,9
-954334800000,9
-954248400000,9
-954162000000,13
-954075600000,0
-953989200000,7
-953902800000,11
-953816400000,24
-953730000000,3
-953643600000,13
-953557200000,7
-953470800000,7
-953384400000,18
-953298000000,9
-953211600000,30
-953125200000,10
-953038800000,14
-952952400000,17
-952866000000,9
-952779600000,20
-952693200000,17
-952606800000,20
-952520400000,12
-952434000000,7
-952347600000,16
-952261200000,12
-952174800000,23
-952088400000,12
-952002000000,12
-951915600000,17
-951829200000,12
-951742800000,15
-951656400000,3
-951570000000,4
-951483600000,13
-951397200000,28
-951310800000,18
-951224400000,9
-951138000000,15
-951051600000,0
-950965200000,7
-950878800000,8
-950792400000,16
-950706000000,8
-950619600000,16
-950533200000,15
-950446800000,9
-950360400000,14
-950274000000,18
-950187600000,16
-950101200000,17
-950014800000,5
-949928400000,13
-949842000000,19
-949755600000,14
-949669200000,10
-949582800000,17
-949496400000,13
-949410000000,30
-949323600000,15
-949237200000,22
-949150800000,17
-949064400000,52
-948978000000,45
-948891600000,7
-948805200000,7
-948718800000,22
-948632400000,12
-948546000000,28
-948459600000,33
-948373200000,20
-948286800000,62
-948200400000,37
-948114000000,6
-948027600000,5
-947941200000,37
-947854800000,19
-947768400000,22
-947682000000,11
-947595600000,10
-947509200000,7
-947422800000,4
-947336400000,1
-947163600000,20
-947077200000,11
-946990800000,13
-946904400000,4
-946818000000,6
-946731600000,1
-946645200000,17
-946558800000,16
-946472400000,10
-946386000000,4
-946299600000,13
-946213200000,3
-946126800000,4
-946040400000,14
-945954000000,7
-945867600000,16
-945781200000,13
-945694800000,1
-945608400000,8
-945522000000,11
-945435600000,30
-945349200000,28
-945262800000,7
-945176400000,17
-945090000000,6
-945003600000,6
-944917200000,5
-944830800000,19
-944744400000,22
-944658000000,15
-944571600000,13
-944485200000,39
-944398800000,8
-944312400000,13
-944226000000,15
-944139600000,14
-944053200000,11
-943966800000,19
-943880400000,23
-943794000000,7
-943707600000,10
-943621200000,18
-943534800000,19
-943448400000,2
-943362000000,14
-943275600000,9
-943189200000,14
-943102800000,15
-943016400000,8
-942930000000,32
-942843600000,13
-942757200000,8
-942670800000,14
-942584400000,25
-942498000000,18
-942411600000,17
-942325200000,14
-942238800000,3
-942152400000,25
-942066000000,20
-941979600000,13
-941893200000,21
-941806800000,15

